03300000        2023566251000133011710130046627     007651732           RASTREADORES PROTEGE LTDA ME  BANCO SANTANDER (BRASIL) S/A            204042018      000532040                                                                         T
03301401T01  040 2023566251000133007651732           011710130046627     RASTREADORES PROTEGE LTDA ME                                                                                  0000053204042018                                         
0330140300001T 17011710130046627        00000002090821               0404201800000000000650023705310                         002000000000000000                                        01300466270000000000007260400000000                      
0330140300002U 170000000000000000000000000000000000000000000000000000000000000000000000065000000000000065000000000000000000000000000000000404201805042018000000000000000000000000000                              000                           
0330140300003T 17011710130046627        00000002107571               0404201800000000001300003345365                         002000000000000000                                        01300466270000000000007260300000000                      
0330140300004U 170000000000001300000000000000000000000000000000000000000000000000000000131300000000000131300000000000000000000000000000000404201805042018000000000000000000000000000                              000                           
0330140300005T 17011710130046627        00000002132171               0404201800000000000650023703640                         002000000000000000                                        01300466270000000000007260400000000                      
0330140300006U 170000000000000000000000000000000000000000000000000000000000000000000000065000000000000065000000000000000000000000000000000404201805042018000000000000000000000000000                              000                           
0330140300007T 17011710130046627        00000002148841               0404201800000000004552023723910                         002000000000000000                                        01300466270000000000007260400000000                      
0330140300008U 170000000000000000000000000000000000000000000000000000000000000000000000455200000000000455200000000000000000000000000000000404201805042018000000000000000000000000000                              000                           
0330140300009T 17011710130046627        00000002179301               0404201800000000000650010408990                         002000000000000000                                        01300466270000000000007260400000000                      
0330140300010U 170000000000000000000000000000000000000000000000000000000000000000000000065000000000000065000000000000000000000000000000000404201805042018000000000000000000000000000                              000                           
0330140300011T 17011710130046627        00000002183911               0404201800000000000662000131840                         002000000000000000                                        01300466270000000000007260400000000                      
0330140300012U 170000000000000000000000000000000000000000000000000000000000000000000000066200000000000066200000000000000000000000000000000404201805042018000000000000000000000000000                              000                           
0330140300013T 17011710130046627        00000002279941               0404201800000000001309034127310                         002000000000000000                                        01300466270000000000007260400000000                      
0330140300014U 170000000000000000000000000000000000000000000000000000000000000000000000130900000000000130900000000000000000000000000000000404201805042018000000000000000000000000000                              000                           
0330140300015T 17011710130046627        00000002294901               0404201800000000001309034140520                         002000000000000000                                        01300466270000000000007260400000000                      
0330140300016U 170000000000000000000000000000000000000000000000000000000000000000000000130900000000000130900000000000000000000000000000000404201805042018000000000000000000000000000                              000                           
0330140300017T 17011710130046627        00000002352101               0404201800000000001430034137950                         002000000000000000                                        01300466270000000000007260400000000                      
0330140300018U 170000000000000000000000000000000000000000000000000000000000000000000000143000000000000143000000000000000000000000000000000404201805042018000000000000000000000000000                              000                           
0330140300019T 17011710130046627        00000002381391               0404201800000000000650034101800                         002000000000000000                                        01300466270000000000007260400000000                      
0330140300020U 170000000000000000000000000000000000000000000000000000000000000000000000065000000000000065000000000000000000000000000000000404201805042018000000000000000000000000000                              000                           
0330140300021T 17011710130046627        00000002435821               0404201800000000000590023719380                         002000000000000000                                        01300466270000000000007260400000000                      
0330140300022U 170000000000000000000000000000000000000000000000000000000000000000000000059000000000000059000000000000000000000000000000000404201805042018000000000000000000000000000                              000                           
0330140300023T 17011710130046627        00000002453721               0404201800000000000650000102980                         002000000000000000                                        01300466270000000000007260400000000                      
0330140300024U 170000000000000000000000000000000000000000000000000000000000000000000000065000000000000065000000000000000000000000000000000404201805042018000000000000000000000000000                              000                           
0330140300025T 17011710130046627        00000002462041               0404201800000000000650023723660                         002000000000000000                                        01300466270000000000007260400000000                      
0330140300026U 170000000000000000000000000000000000000000000000000000000000000000000000065000000000000065000000000000000000000000000000000404201805042018000000000000000000000000000                              000                           
0330140300027T 17011710130046627        00000002644231               0404201800000000002145023778730                         002000000000000000                                        01300466270000000000007260400000000                      
0330140300028U 170000000000000000000000000000000000000000000000000000000000000000000000214500000000000214500000000000000000000000000000000404201805042018000000000000000000000000000                              000                           
0330140300029T 17011710130046627        00000002693601               0404201800000000001139003333278                         002000000000000000                                        01300466270000000000007260300000000                      
0330140300030U 170000000000000880000000000000000000000000000000000000000000000000000000114780000000000114780000000000000000000000000000000404201805042018000000000000000000000000000                              000                           
0330140300031T 17011710130046627        00000002698591               0404201800000000001148223713600                         002000000000000000                                        01300466270000000000007260400000000                      
0330140300032U 170000000000000000000000000000000000000000000000000000000000000000000000114820000000000114820000000000000000000000000000000404201805042018000000000000000000000000000                              000                           
0330140300033T 17011710130046627        00000002825881               0404201800000000001139010440070                         002000000000000000                                        01300466270000000000007260400000000                      
0330140300034U 170000000000000000000000000000000000000000000000000000000000000000000000113900000000000113900000000000000000000000000000000404201805042018000000000000000000000000000                              000                           
0330140300035T 17011710130046627        00000003180861               0404201800000000001312023723910                         002000000000000000                                        01300466270000000000007260400000000                      
0330140300036U 170000000000000000000000000000000000000000000000000000000000000000000000131200000000000131200000000000000000000000000000000404201805042018000000000000000000000000000                              000                           
0330140300037T 17011710130046627        00000003242131               0404201800000000000714800107170                         002000000000000000                                        01300466270000000000007260400000000                      
0330140300038U 170000000000000000000000000000000000000000000000000000000000000000000000071480000000000071480000000000000000000000000000000404201805042018000000000000000000000000000                              000                           
0330140300039T 17011710130046627        00000003249301               0404201800000000001139034181330                         002000000000000000                                        01300466270000000000007260400000000                      
0330140300040U 170000000000000000000000000000000000000000000000000000000000000000000000113900000000000113900000000000000000000000000000000404201805042018000000000000000000000000000                              000                           
03301405         0000400000070000000000018017800000000000000000000000000000000000000000000000000000000000000000000000000526                                                                                                                     
03301409         000001000044                                                                                                                                                                                                                   
