03300000        2023566251000133011710130046627     007651732           RASTREADORES PROTEGE LTDA ME  BANCO SANTANDER (BRASIL) S/A            229032018      000529040                                                                         T
03372711T01  040 2023566251000133007651732           011710130046627     RASTREADORES PROTEGE LTDA ME                                                                                  0000052929032018                                         
0337271300001T 17011710130046627        00000002096781               2903201800000000000650034163110                         002000000000000000                                        01300466270000000000007260400000000                      
0337271300002U 170000000000000000000000000000000000000000000000000000000000000000000000065000000000000065000000000000000000000000000000002903201802042018000000000000000000000000000                              000                           
0337271300003T 17011710130046627        00000002136831               2903201800000000001950023722290                         002000000000000000                                        01300466270000000000007260400000000                      
0337271300004U 170000000000000000000000000000000000000000000000000000000000000000000000195000000000000195000000000000000000000000000000002903201802042018000000000000000000000000000                              000                           
0337271300005T 17011710130046627        00000002157591               2903201800000000001300034103380                         002000000000000000                                        01300466270000000000007260400000000                      
0337271300006U 170000000000000000000000000000000000000000000000000000000000000000000000130000000000000130000000000000000000000000000000002903201802042018000000000000000000000000000                              000                           
0337271300007T 17011710130046627        00000002169501               2903201800000000001300003300035                         002000000000000000                                        01300466270000000000007260300000000                      
0337271300008U 170000000000000000000000000000000000000000000000000000000000000000000000130000000000000130000000000000000000000000000000002903201802042018000000000000000000000000000                              000                           
0337271300009T 17011710130046627        00000002176701               2903201800000000000650003337176                         002000000000000000                                        01300466270000000000007260300000000                      
0337271300010U 170000000000000000000000000000000000000000000000000000000000000000000000065000000000000065000000000000000000000000000000002903201802042018000000000000000000000000000                              000                           
0337271300011T 17011710130046627        00000002188711               2903201800000000000650010443540                         002000000000000000                                        01300466270000000000007260400000000                      
0337271300012U 170000000000000000000000000000000000000000000000000000000000000000000000065000000000000065000000000000000000000000000000002903201802042018000000000000000000000000000                              000                           
0337271300013T 17011710130046627        00000002193551               2903201800000000001300000104270                         002000000000000000                                        01300466270000000000007260400000000                      
0337271300014U 170000000000000000000000000000000000000000000000000000000000000000000000130000000000000130000000000000000000000000000000002903201802042018000000000000000000000000000                              000                           
0337271300015T 17011710130046627        00000002209141               2903201800000000000650023703160                         002000000000000000                                        01300466270000000000007260400000000                      
0337271300016U 170000000000000000000000000000000000000000000000000000000000000000000000065000000000000065000000000000000000000000000000002903201802042018000000000000000000000000000                              000                           
0337271300017T 17011710130046627        00000002227121               2903201800000000000650010413510                         002000000000000000                                        01300466270000000000007260400000000                      
0337271300018U 170000000000000000000000000000000000000000000000000000000000000000000000065000000000000065000000000000000000000000000000002903201802042018000000000000000000000000000                              000                           
0337271300019T 17011710130046627        00000002257111               2903201800000000000650010406420                         002000000000000000                                        01300466270000000000007260400000000                      
0337271300020U 170000000000000000000000000000000000000000000000000000000000000000000000065000000000000065000000000000000000000000000000002903201802042018000000000000000000000000000                              000                           
0337271300021T 17011710130046627        00000002259591               2903201800000000000650010417870                         002000000000000000                                        01300466270000000000007260400000000                      
0337271300022U 170000000000000000000000000000000000000000000000000000000000000000000000065000000000000065000000000000000000000000000000002903201802042018000000000000000000000000000                              000                           
0337271300023T 17011710130046627        00000002273901               2903201800000000001300010432840                         002000000000000000                                        01300466270000000000007260400000000                      
0337271300024U 170000000000000000000000000000000000000000000000000000000000000000000000130000000000000130000000000000000000000000000000002903201802042018000000000000000000000000000                              000                           
0337271300025T 17011710130046627        00000002275101               2903201800000000001300010432840                         002000000000000000                                        01300466270000000000007260400000000                      
0337271300026U 170000000000000000000000000000000000000000000000000000000000000000000000130000000000000130000000000000000000000000000000002903201802042018000000000000000000000000000                              000                           
0337271300027T 17011710130046627        00000002306181               2903201800000000000650034105590                         002000000000000000                                        01300466270000000000007260400000000                      
0337271300028U 170000000000000000000000000000000000000000000000000000000000000000000000065000000000000065000000000000000000000000000000002903201802042018000000000000000000000000000                              000                           
0337271300029T 17011710130046627        00000002338891               2903201800000000000650010442110                         002000000000000000                                        01300466270000000000007260400000000                      
0337271300030U 170000000000000000000000000000000000000000000000000000000000000000000000065000000000000065000000000000000000000000000000002903201802042018000000000000000000000000000                              000                           
0337271300031T 17011710130046627        00000002347291               2903201800000000001300003339870                         002000000000000000                                        01300466270000000000007260300000000                      
0337271300032U 170000000000000000000000000000000000000000000000000000000000000000000000130000000000000130000000000000000000000000000000002903201802042018000000000000000000000000000                              000                           
0337271300033T 17011710130046627        00000002353341               2903201800000000000650010429000                         002000000000000000                                        01300466270000000000007260400000000                      
0337271300034U 170000000000000000000000000000000000000000000000000000000000000000000000065000000000000065000000000000000000000000000000002903201802042018000000000000000000000000000                              000                           
0337271300035T 17011710130046627        00000002444571               2903201800000000002038034179100                         002000000000000000                                        01300466270000000000007260400000000                      
0337271300036U 170000000000000000000000000000000000000000000000000000000000000000000000203800000000000203800000000000000000000000000000002903201802042018000000000000000000000000000                              000                           
0337271300037T 17011710130046627        00000002451191               2903201800000000001139034183360                         002000000000000000                                        01300466270000000000007260400000000                      
0337271300038U 170000000000000000000000000000000000000000000000000000000000000000000000113900000000000113900000000000000000000000000000002903201802042018000000000000000000000000000                              000                           
0337271300039T 17011710130046627        00000002458441               2903201800000000001139000111980                         002000000000000000                                        01300466270000000000007260400000000                      
0337271300040U 170000000000000000000000000000000000000000000000000000000000000000000000113900000000000113900000000000000000000000000000002903201802042018000000000000000000000000000                              000                           
0337271300041T 17011710130046627        00000002468321               2903201800000000001139010429290                         002000000000000000                                        01300466270000000000007260400000000                      
0337271300042U 170000000000000000000000000000000000000000000000000000000000000000000000113900000000000113900000000000000000000000000000002903201802042018000000000000000000000000000                              000                           
0337271300043T 17011710130046627        00000002472191               2903201800000000000550010409760                         002000000000000000                                        01300466270000000000007260400000000                      
0337271300044U 170000000000000000000000000000000000000000000000000000000000000000000000055000000000000055000000000000000000000000000000002903201802042018000000000000000000000000000                              000                           
0337271300045T 17011710130046627        00000002499981               2903201800000000000650023727090                         002000000000000000                                        01300466270000000000007260400000000                      
0337271300046U 170000000000000000000000000000000000000000000000000000000000000000000000065000000000000065000000000000000000000000000000002903201802042018000000000000000000000000000                              000                           
0337271300047T 17011710130046627        00000002541931               2903201800000000001300023727640                         002000000000000000                                        01300466270000000000007260400000000                      
0337271300048U 170000000000000000000000000000000000000000000000000000000000000000000000130000000000000130000000000000000000000000000000002903201802042018000000000000000000000000000                              000                           
0337271300049T 17011710130046627        00000002549161               2903201800000000000650010418930                         002000000000000000                                        01300466270000000000007260400000000                      
0337271300050U 170000000000000000000000000000000000000000000000000000000000000000000000065000000000000065000000000000000000000000000000002903201802042018000000000000000000000000000                              000                           
0337271300051T 17011710130046627        00000002552701               2903201800000000001300003337990                         002000000000000000                                        01300466270000000000007260300000000                      
0337271300052U 170000000000000000000000000000000000000000000000000000000000000000000000130000000000000130000000000000000000000000000000002903201802042018000000000000000000000000000                              000                           
0337271300053T 17011710130046627        00000002572221               2903201800000000001239034100740                         002000000000000000                                        01300466270000000000007260400000000                      
0337271300054U 170000000000000000000000000000000000000000000000000000000000000000000000123900000000000123900000000000000000000000000000002903201802042018000000000000000000000000000                              000                           
0337271300055T 17011710130046627        00000002575831               2903201800000000001139000112050                         002000000000000000                                        01300466270000000000007260400000000                      
0337271300056U 170000000000000000000000000000000000000000000000000000000000000000000000113900000000000113900000000000000000000000000000002903201802042018000000000000000000000000000                              000                           
0337271300057T 17011710130046627        00000002583001               2903201800000000001139034107700                         002000000000000000                                        01300466270000000000007260400000000                      
0337271300058U 170000000000000000000000000000000000000000000000000000000000000000000000113900000000000113900000000000000000000000000000002903201802042018000000000000000000000000000                              000                           
0337271300059T 17011710130046627        00000002586601               2903201800000000001239010447880                         002000000000000000                                        01300466270000000000007260400000000                      
0337271300060U 170000000000000000000000000000000000000000000000000000000000000000000000123900000000000123900000000000000000000000000000002903201802042018000000000000000000000000000                              000                           
0337271300061T 17011710130046627        00000002590391               2903201800000000001239000126950                         002000000000000000                                        01300466270000000000007260400000000                      
0337271300062U 170000000000000000000000000000000000000000000000000000000000000000000000123900000000000123900000000000000000000000000000002903201802042018000000000000000000000000000                              000                           
0337271300063T 17011710130046627        00000002597561               2903201800000000001139010430550                         002000000000000000                                        01300466270000000000007260400000000                      
0337271300064U 170000000000000000000000000000000000000000000000000000000000000000000000113900000000000113900000000000000000000000000000002903201802042018000000000000000000000000000                              000                           
0337271300065T 17011710130046627        00000002616701               2903201800000000001139010410860                         002000000000000000                                        01300466270000000000007260400000000                      
0337271300066U 170000000000000000000000000000000000000000000000000000000000000000000000113900000000000113900000000000000000000000000000002903201802042018000000000000000000000000000                              000                           
0337271300067T 17011710130046627        00000002621531               2903201800000000001270034101490                         002000000000000000                                        01300466270000000000007260400000000                      
0337271300068U 170000000000000000000000000000000000000000000000000000000000000000000000127000000000000127000000000000000000000000000000002903201802042018000000000000000000000000000                              000                           
0337271300069T 17011710130046627        00000002632221               2903201800000000001149034148280                         002000000000000000                                        01300466270000000000007260400000000                      
0337271300070U 170000000000000000000000000000000000000000000000000000000000000000000000114900000000000114900000000000000000000000000000002903201802042018000000000000000000000000000                              000                           
0337271300071T 17011710130046627        00000002638261               2903201800000000001139034158760                         002000000000000000                                        01300466270000000000007260400000000                      
0337271300072U 170000000000000000000000000000000000000000000000000000000000000000000000113900000000000113900000000000000000000000000000002903201802042018000000000000000000000000000                              000                           
0337271300073T 17011710130046627        00000002651521               2903201800000000001239023722160                         002000000000000000                                        01300466270000000000007260400000000                      
0337271300074U 170000000000000000000000000000000000000000000000000000000000000000000000123900000000000123900000000000000000000000000000002903201802042018000000000000000000000000000                              000                           
0337271300075T 17011710130046627        00000002658611               2903201800000000001139034137680                         002000000000000000                                        01300466270000000000007260400000000                      
0337271300076U 170000000000000000000000000000000000000000000000000000000000000000000000113900000000000113900000000000000000000000000000002903201802042018000000000000000000000000000                              000                           
0337271300077T 17011710130046627        00000002661081               2903201800000000001139010435090                         002000000000000000                                        01300466270000000000007260400000000                      
0337271300078U 170000000000000000000000000000000000000000000000000000000000000000000000113900000000000113900000000000000000000000000000002903201802042018000000000000000000000000000                              000                           
0337271300079T 17011710130046627        00000002665821               2903201800000000001239003303476                         002000000000000000                                        01300466270000000000007260300000000                      
0337271300080U 170000000000000000000000000000000000000000000000000000000000000000000000123900000000000123900000000000000000000000000000002903201802042018000000000000000000000000000                              000                           
0337271300081T 17011710130046627        00000002671801               2903201800000000001239000169390                         002000000000000000                                        01300466270000000000007260400000000                      
0337271300082U 170000000000000000000000000000000000000000000000000000000000000000000000123900000000000123900000000000000000000000000000002903201802042018000000000000000000000000000                              000                           
0337271300083T 17011710130046627        00000002684021               2903201800000000001239010448490                         002000000000000000                                        01300466270000000000007260400000000                      
0337271300084U 170000000000000000000000000000000000000000000000000000000000000000000000123900000000000123900000000000000000000000000000002903201802042018000000000000000000000000000                              000                           
0337271300085T 17011710130046627        00000002692471               2903201800000000001139010430500                         002000000000000000                                        01300466270000000000007260400000000                      
0337271300086U 170000000000000000000000000000000000000000000000000000000000000000000000113900000000000113900000000000000000000000000000002903201802042018000000000000000000000000000                              000                           
0337271300087T 17011710130046627        00000002694841               2903201800000000001139000168220                         002000000000000000                                        01300466270000000000007260400000000                      
0337271300088U 170000000000000000000000000000000000000000000000000000000000000000000000113900000000000113900000000000000000000000000000002903201802042018000000000000000000000000000                              000                           
0337271300089T 17011710130046627        00000002703341               2903201800000000001239034181510                         002000000000000000                                        01300466270000000000007260400000000                      
0337271300090U 170000000000000000000000000000000000000000000000000000000000000000000000123900000000000123900000000000000000000000000000002903201802042018000000000000000000000000000                              000                           
0337271300091T 17011710130046627        00000002704581               2903201800000000001139034100740                         002000000000000000                                        01300466270000000000007260400000000                      
0337271300092U 170000000000000000000000000000000000000000000000000000000000000000000000113900000000000113900000000000000000000000000000002903201802042018000000000000000000000000000                              000                           
0337271300093T 17011710130046627        00000002710551               2903201800000000002378003339560                         002000000000000000                                        01300466270000000000007260300000000                      
0337271300094U 170000000000000000000000000000000000000000000000000000000000000000000000237800000000000237800000000000000000000000000000002903201802042018000000000000000000000000000                              000                           
0337271300095T 17011710130046627        00000002715351               2903201800000000001139010402350                         002000000000000000                                        01300466270000000000007260400000000                      
0337271300096U 170000000000000000000000000000000000000000000000000000000000000000000000113900000000000113900000000000000000000000000000002903201802042018000000000000000000000000000                              000                           
0337271300097T 17011710130046627        00000002720191               2903201800000000001239034100740                         002000000000000000                                        01300466270000000000007260400000000                      
0337271300098U 170000000000000000000000000000000000000000000000000000000000000000000000123900000000000123900000000000000000000000000000002903201802042018000000000000000000000000000                              000                           
0337271300099T 17011710130046627        00000002732101               2903201800000000001139010446320                         002000000000000000                                        01300466270000000000007260400000000                      
0337271300100U 170000000000000000000000000000000000000000000000000000000000000000000000113900000000000113900000000000000000000000000000002903201802042018000000000000000000000000000                              000                           
0337271300101T 17011710130046627        00000002736941               2903201800000000001738010445310                         002000000000000000                                        01300466270000000000007260400000000                      
0337271300102U 170000000000000000000000000000000000000000000000000000000000000000000000173800000000000173800000000000000000000000000000002903201802042018000000000000000000000000000                              000                           
0337271300103T 17011710130046627        00000002741781               2903201800000000001149023704030                         002000000000000000                                        01300466270000000000007260400000000                      
0337271300104U 170000000000000000000000000000000000000000000000000000000000000000000000114900000000000114900000000000000000000000000000002903201802042018000000000000000000000000000                              000                           
0337271300105T 17011710130046627        00000002757351               2903201800000000001139034105590                         002000000000000000                                        01300466270000000000007260400000000                      
0337271300106U 170000000000000000000000000000000000000000000000000000000000000000000000113900000000000113900000000000000000000000000000002903201802042018000000000000000000000000000                              000                           
0337271300107T 17011710130046627        00000002777111               2903201800000000001640010432180                         002000000000000000                                        01300466270000000000007260400000000                      
0337271300108U 170000000000000000000000000000000000000000000000000000000000000000000000164000000000000164000000000000000000000000000000002903201802042018000000000000000000000000000                              000                           
0337271300109T 17011710130046627        00000002788071               2903201800000000001070034175010                         002000000000000000                                        01300466270000000000007260400000000                      
0337271300110U 170000000000000000000000000000000000000000000000000000000000000000000000107000000000000107000000000000000000000000000000002903201802042018000000000000000000000000000                              000                           
0337271300111T 17011710130046627        00000002790481               2903201800000000001139010438660                         002000000000000000                                        01300466270000000000007260400000000                      
0337271300112U 170000000000000000000000000000000000000000000000000000000000000000000000113900000000000113900000000000000000000000000000002903201802042018000000000000000000000000000                              000                           
0337271300113T 17011710130046627        00000002795441               2903201800000000001139000168320                         002000000000000000                                        01300466270000000000007260400000000                      
0337271300114U 170000000000000000000000000000000000000000000000000000000000000000000000113900000000000113900000000000000000000000000000002903201802042018000000000000000000000000000                              000                           
0337271300115T 17011710130046627        00000002796681               2903201800000000001139010445310                         002000000000000000                                        01300466270000000000007260400000000                      
0337271300116U 170000000000000000000000000000000000000000000000000000000000000000000000113900000000000113900000000000000000000000000000002903201802042018000000000000000000000000000                              000                           
0337271300117T 17011710130046627        00000002801601               2903201800000000001139010439940                         002000000000000000                                        01300466270000000000007260400000000                      
0337271300118U 170000000000000000000000000000000000000000000000000000000000000000000000113900000000000113900000000000000000000000000000002903201802042018000000000000000000000000000                              000                           
0337271300119T 17011710130046627        00000002806581               2903201800000000001139023727230                         002000000000000000                                        01300466270000000000007260400000000                      
0337271300120U 170000000000000000000000000000000000000000000000000000000000000000000000113900000000000113900000000000000000000000000000002903201802042018000000000000000000000000000                              000                           
0337271300121T 17011710130046627        00000002812631               2903201800000000001139003342951                         002000000000000000                                        01300466270000000000007260300000000                      
0337271300122U 170000000000000000000000000000000000000000000000000000000000000000000000113900000000000113900000000000000000000000000000002903201802042018000000000000000000000000000                              000                           
0337271300123T 17011710130046627        00000002824641               2903201800000000001139010446320                         002000000000000000                                        01300466270000000000007260400000000                      
0337271300124U 170000000000000000000000000000000000000000000000000000000000000000000000113900000000000113900000000000000000000000000000002903201802042018000000000000000000000000000                              000                           
0337271300125T 17011710130046627        00000002834281               2903201800000000001139010431280                         002000000000000000                                        01300466270000000000007260400000000                      
0337271300126U 170000000000000000000000000000000000000000000000000000000000000000000000113900000000000113900000000000000000000000000000002903201802042018000000000000000000000000000                              000                           
0337271300127T 17011710130046627        00000002841491               2903201800000000001139034138070                         002000000000000000                                        01300466270000000000007260400000000                      
0337271300128U 170000000000000000000000000000000000000000000000000000000000000000000000113900000000000113900000000000000000000000000000002903201802042018000000000000000000000000000                              000                           
0337271300129T 17011710130046627        00000002847421               2903201800000000001239034196270                         002000000000000000                                        01300466270000000000007260400000000                      
0337271300130U 170000000000000000000000000000000000000000000000000000000000000000000000123900000000000123900000000000000000000000000000002903201802042018000000000000000000000000000                              000                           
0337271300131T 17011710130046627        00000002898091               2903201800000000001239034100280                         002000000000000000                                        01300466270000000000007260400000000                      
0337271300132U 170000000000000000000000000000000000000000000000000000000000000000000000123900000000000123900000000000000000000000000000002903201802042018000000000000000000000000000                              000                           
0337271300133T 06011710130046627        00000002899142ECM9109002     2802201800000000001139000128760                         001000034931006809LUANA LEILA THENORIO                    01300466270000000000000000400000000                      
0337271300134U 060000000000010910000000000000000000000000000000000000000000000000000000124810000000000124810000000000000000000000000000002903201802042018000000000000000000000000000                              000                           
0337271300135T 17011710130046627        00000002901651               2903201800000000001239034100280                         002000000000000000                                        01300466270000000000007260400000000                      
0337271300136U 170000000000000000000000000000000000000000000000000000000000000000000000123900000000000123900000000000000000000000000000002903201802042018000000000000000000000000000                              000                           
0337271300137T 17011710130046627        00000002908741               2903201800000000001139023739370                         002000000000000000                                        01300466270000000000007260400000000                      
0337271300138U 170000000000000000000000000000000000000000000000000000000000000000000000113900000000000113900000000000000000000000000000002903201802042018000000000000000000000000000                              000                           
0337271300139T 17011710130046627        00000002917141               2903201800000000001388010435810                         002000000000000000                                        01300466270000000000007260400000000                      
0337271300140U 170000000000000000000000000000000000000000000000000000000000000000000000138800000000000138800000000000000000000000000000002903201802042018000000000000000000000000000                              000                           
0337271300141T 17011710130046627        00000002919511               2903201800000000001139010412170                         002000000000000000                                        01300466270000000000007260400000000                      
0337271300142U 170000000000000000000000000000000000000000000000000000000000000000000000113900000000000113900000000000000000000000000000002903201802042018000000000000000000000000000                              000                           
0337271300143T 17011710130046627        00000002934071               2903201800000000001139010403470                         002000000000000000                                        01300466270000000000007260400000000                      
0337271300144U 170000000000000000000000000000000000000000000000000000000000000000000000113900000000000113900000000000000000000000000000002903201802042018000000000000000000000000000                              000                           
0337271300145T 17011710130046627        00000002943651               2903201800000000001149034166440                         002000000000000000                                        01300466270000000000007260400000000                      
0337271300146U 170000000000000000000000000000000000000000000000000000000000000000000000114900000000000114900000000000000000000000000000002903201802042018000000000000000000000000000                              000                           
0337271300147T 17011710130046627        00000002947211               2903201800000000001849075620900                         002000000000000000                                        01300466270000000000007260400000000                      
0337271300148U 170000000000000000000000000000000000000000000000000000000000000000000000184900000000000184900000000000000000000000000000002903201802042018000000000000000000000000000                              000                           
0337271300149T 17011710130046627        00000002948451               2903201800000000001070000114430                         002000000000000000                                        01300466270000000000007260400000000                      
0337271300150U 170000000000000000000000000000000000000000000000000000000000000000000000107000000000000107000000000000000000000000000000002903201802042018000000000000000000000000000                              000                           
0337271300151T 17011710130046627        00000002956801               2903201800000000001139034101760                         002000000000000000                                        01300466270000000000007260400000000                      
0337271300152U 170000000000000000000000000000000000000000000000000000000000000000000000113900000000000113900000000000000000000000000000002903201802042018000000000000000000000000000                              000                           
0337271300153T 17011710130046627        00000002959221               2903201800000000001139075620900                         002000000000000000                                        01300466270000000000007260400000000                      
0337271300154U 170000000000000000000000000000000000000000000000000000000000000000000000113900000000000113900000000000000000000000000000002903201802042018000000000000000000000000000                              000                           
0337271300155T 17011710130046627        00000002970031               2903201800000000001239034191070                         002000000000000000                                        01300466270000000000007260400000000                      
0337271300156U 170000000000000000000000000000000000000000000000000000000000000000000000123900000000000123900000000000000000000000000000002903201802042018000000000000000000000000000                              000                           
0337271300157T 17011710130046627        00000002977201               2903201800000000001489000114320                         002000000000000000                                        01300466270000000000007260400000000                      
0337271300158U 170000000000000000000000000000000000000000000000000000000000000000000000148900000000000148900000000000000000000000000000002903201802042018000000000000000000000000000                              000                           
0337271300159T 17011710130046627        00000002982041               2903201800000000001290010435570                         002000000000000000                                        01300466270000000000007260400000000                      
0337271300160U 170000000000000000000000000000000000000000000000000000000000000000000000129000000000000129000000000000000000000000000000002903201802042018000000000000000000000000000                              000                           
0337271300161T 17011710130046627        00000002992861               2903201800000000001149034179100                         002000000000000000                                        01300466270000000000007260400000000                      
0337271300162U 170000000000000000000000000000000000000000000000000000000000000000000000114900000000000114900000000000000000000000000000002903201802042018000000000000000000000000000                              000                           
0337271300163T 17011710130046627        00000002995291               2903201800000000001480010445640                         002000000000000000                                        01300466270000000000007260400000000                      
0337271300164U 170000000000000000000000000000000000000000000000000000000000000000000000148000000000000148000000000000000000000000000000002903201802042018000000000000000000000000000                              000                           
0337271300165T 17011710130046627        00000003003811               2903201800000000001139034145300                         002000000000000000                                        01300466270000000000007260400000000                      
0337271300166U 170000000000000000000000000000000000000000000000000000000000000000000000113900000000000113900000000000000000000000000000002903201802042018000000000000000000000000000                              000                           
0337271300167T 17011710130046627        00000003009691               2903201800000000001239034174670                         002000000000000000                                        01300466270000000000007260400000000                      
0337271300168U 170000000000000000000000000000000000000000000000000000000000000000000000123900000000000123900000000000000000000000000000002903201802042018000000000000000000000000000                              000                           
0337271300169T 17011710130046627        00000003016801               2903201800000000001139034180790                         002000000000000000                                        01300466270000000000007260400000000                      
0337271300170U 170000000000000000000000000000000000000000000000000000000000000000000000113900000000000113900000000000000000000000000000002903201802042018000000000000000000000000000                              000                           
0337271300171T 17011710130046627        00000003033641               2903201800000000001139000178320                         002000000000000000                                        01300466270000000000007260400000000                      
0337271300172U 170000000000000000000000000000000000000000000000000000000000000000000000113900000000000113900000000000000000000000000000002903201802042018000000000000000000000000000                              000                           
0337271300173T 17011710130046627        00000003043281               2903201800000000001490023714510                         002000000000000000                                        01300466270000000000007260400000000                      
0337271300174U 170000000000000000000000000000000000000000000000000000000000000000000000149000000000000149000000000000000000000000000000002903201802042018000000000000000000000000000                              000                           
0337271300175T 17011710130046627        00000003072701               2903201800000000001388010409610                         002000000000000000                                        01300466270000000000007260400000000                      
0337271300176U 170000000000000000000000000000000000000000000000000000000000000000000000138800000000000138800000000000000000000000000000002903201802042018000000000000000000000000000                              000                           
0337271300177T 17011710130046627        00000003097531               2903201800000000001139010405860                         002000000000000000                                        01300466270000000000007260400000000                      
0337271300178U 170000000000000000000000000000000000000000000000000000000000000000000000113900000000000113900000000000000000000000000000002903201802042018000000000000000000000000000                              000                           
0337271300179T 17011710130046627        00000003108241               2903201800000000002038034142950                         002000000000000000                                        01300466270000000000007260400000000                      
0337271300180U 170000000000000000000000000000000000000000000000000000000000000000000000203800000000000203800000000000000000000000000000002903201802042018000000000000000000000000000                              000                           
0337271300181T 17011710130046627        00000003136291               2903201800000000001139034100200                         002000000000000000                                        01300466270000000000007260400000000                      
0337271300182U 170000000000000000000000000000000000000000000000000000000000000000000000113900000000000113900000000000000000000000000000002903201802042018000000000000000000000000000                              000                           
0337271300183T 17011710130046627        00000003140721               2903201800000000001139034131290                         002000000000000000                                        01300466270000000000007260400000000                      
0337271300184U 170000000000000000000000000000000000000000000000000000000000000000000000113900000000000113900000000000000000000000000000002903201802042018000000000000000000000000000                              000                           
0337271300185T 17011710130046627        00000003153201               2903201800000000001489034137850                         002000000000000000                                        01300466270000000000007260400000000                      
0337271300186U 170000000000000000000000000000000000000000000000000000000000000000000000148900000000000148900000000000000000000000000000002903201802042018000000000000000000000000000                              000                           
0337271300187T 17011710130046627        00000003155401               2903201800000000001646423703160                         002000000000000000                                        01300466270000000000007260400000000                      
0337271300188U 170000000000000000000000000000000000000000000000000000000000000000000000164640000000000164640000000000000000000000000000002903201802042018000000000000000000000000000                              000                           
0337271300189T 17011710130046627        00000003206251               2903201800000000005850023723240                         002000000000000000                                        01300466270000000000007260400000000                      
0337271300190U 170000000000000000000000000000000000000000000000000000000000000000000000585000000000000585000000000000000000000000000000002903201802042018000000000000000000000000000                              000                           
0337271300191T 17011710130046627        00000003218421               2903201800000000000297723761170                         002000000000000000                                        01300466270000000000007260400000000                      
0337271300192U 170000000000000000000000000000000000000000000000000000000000000000000000029770000000000029770000000000000000000000000000002903201802042018000000000000000000000000000                              000                           
0337271300193T 17011710130046627        00000003243371               2903201800000000000975103339616                         002000000000000000                                        01300466270000000000007260300000000                      
0337271300194U 170000000000000000000000000000000000000000000000000000000000000000000000097510000000000097510000000000000000000000000000002903201802042018000000000000000000000000000                              000                           
0337271300195T 17011710130046627        00000003243451               2903201800000000000828703339616                         002000000000000000                                        01300466270000000000007260300000000                      
0337271300196U 170000000000000000000000000000000000000000000000000000000000000000000000082870000000000082870000000000000000000000000000002903201802042018000000000000000000000000000                              000                           
0337271300197T 17011710130046627        00000003243531               2903201800000000001558523724150                         002000000000000000                                        01300466270000000000007260400000000                      
0337271300198U 170000000000000000000000000000000000000000000000000000000000000000000000155850000000000155850000000000000000000000000000002903201802042018000000000000000000000000000                              000                           
0337271300199T 17011710130046627        00000003246391               2903201800000000001376703337311                         002000000000000000                                        01300466270000000000007260300000000                      
0337271300200U 170000000000000000000000000000000000000000000000000000000000000000000000137670000000000137670000000000000000000000000000002903201802042018000000000000000000000000000                              000                           
0337271300201T 17011710130046627        00000003246471               2903201800000000001304703337311                         002000000000000000                                        01300466270000000000007260300000000                      
0337271300202U 170000000000000000000000000000000000000000000000000000000000000000000000130470000000000130470000000000000000000000000000002903201802042018000000000000000000000000000                              000                           
03372715         0002020000070000000000018017800000000000000000000000000000000000000000000000000000000000000000000000000524                                                                                                                     
03372719         000001000206                                                                                                                                                                                                                   
