03300000        2023566251000133011710130046627     007651732           RASTREADORES PROTEGE LTDA ME  BANCO SANTANDER (BRASIL) S/A            214052018      000559040                                                                         T
03315661T01  040 2023566251000133007651732           011710130046627     RASTREADORES PROTEGE LTDA ME                                                                                  0000055914052018                                         
0331566300001T 17011710130046627        00000002074111               1405201800000000001239034140790                         002000000000000000                                        01300466270000000000010000400000000                      
0331566300002U 170000000000000000000000000000000000000000000000000000000000000000000000123900000000000123900000000000000000000000000000001405201815052018000000000000000000000000000                              000                           
0331566300003T 17011710130046627        00000002132251               1405201800000000000650010406000                         002000000000000000                                        01300466270000000000010000400000000                      
0331566300004U 170000000000000000000000000000000000000000000000000000000000000000000000065000000000000065000000000000000000000000000000001405201815052018000000000000000000000000000                              000                           
0331566300005T 17011710130046627        00000002196141               1405201800000000000650010444990                         002000000000000000                                        01300466270000000000010000400000000                      
0331566300006U 170000000000000000000000000000000000000000000000000000000000000000000000065000000000000065000000000000000000000000000000001405201815052018000000000000000000000000000                              000                           
0331566300007T 17011710130046627        00000002348691               1405201800000000000650000109700                         002000000000000000                                        01300466270000000000010000400000000                      
0331566300008U 170000000000000000000000000000000000000000000000000000000000000000000000065000000000000065000000000000000000000000000000001405201815052018000000000000000000000000000                              000                           
0331566300009T 17011710130046627        00000002483201               1405201800000000001300023729110                         002000000000000000                                        01300466270000000000010000400000000                      
0331566300010U 170000000000000000000000000000000000000000000000000000000000000000000000130000000000000130000000000000000000000000000000001405201815052018000000000000000000000000000                              000                           
0331566300011T 17011710130046627        00000002881521               1405201800000000001139010435560                         002000000000000000                                        01300466270000000000010000400000000                      
0331566300012U 170000000000000000000000000000000000000000000000000000000000000000000000113900000000000113900000000000000000000000000000001405201815052018000000000000000000000000000                              000                           
0331566300013T 17011710130046627        00000002971431               1405201800000000001139010435110                         002000000000000000                                        01300466270000000000010000400000000                      
0331566300014U 170000000000000000000000000000000000000000000000000000000000000000000000113900000000000113900000000000000000000000000000001405201815052018000000000000000000000000000                              000                           
0331566300015T 17011710130046627        00000003025381               1405201800000000001264010421340                         002000000000000000                                        01300466270000000000010000400000000                      
0331566300016U 170000000000000000000000000000000000000000000000000000000000000000000000126400000000000126400000000000000000000000000000001405201815052018000000000000000000000000000                              000                           
0331566300017T 17011710130046627        00000003180001               1405201800000000001300010411820                         002000000000000000                                        01300466270000000000010000400000000                      
0331566300018U 170000000000000000000000000000000000000000000000000000000000000000000000130000000000000130000000000000000000000000000000001405201815052018000000000000000000000000000                              000                           
0331566300019T 17011710130046627        00000003281621               1405201800000000000650010419660                         002000000000000000                                        01300466270000000000010000400000000                      
0331566300020U 170000000000000000000000000000000000000000000000000000000000000000000000065000000000000065000000000000000000000000000000001405201815052018000000000000000000000000000                              000                           
0331566300021T 17011710130046627        00000003308841               1405201800000000000721510429010                         002000000000000000                                        01300466270000000000010000400000000                      
0331566300022U 170000000000000000000000000000000000000000000000000000000000000000000000072150000000000072150000000000000000000000000000001405201815052018000000000000000000000000000                              000                           
0331566300023T 17011710130046627        00000003311201               1405201800000000002600010428700                         002000000000000000                                        01300466270000000000010000400000000                      
0331566300024U 170000000000000000000000000000000000000000000000000000000000000000000000260000000000000260000000000000000000000000000000001405201815052018000000000000000000000000000                              000                           
03315665         0000240002410000000000272461600000000000000000000000000000000000000000000000000000000000000000000000000542                                                                                                                     
03315669         000001000028                                                                                                                                                                                                                   
