03300000        2023566251000133011710130046627     007651732           RASTREADORES PROTEGE LTDA ME  BANCO SANTANDER (BRASIL) S/A            209042018      000535040                                                                         T
03354901T01  040 2023566251000133007651732           011710130046627     RASTREADORES PROTEGE LTDA ME                                                                                  0000053509042018                                         
0335490300001T 17011710130046627        00000002106331               0904201800000000000674000132760                         002000000000000000                                        01300466270000000000007260400000000                      
0335490300002U 170000000000000000000000000000000000000000000000000000000000000000000000067400000000000067400000000000000000000000000000000904201810042018000000000000000000000000000                              000                           
0335490300003T 17011710130046627        00000002171901               0904201800000000002616803340100                         002000000000000000                                        01300466270000000000007260300000000                      
0335490300004U 170000000000000000000000000000000000000000000000000000000000000000000000261680000000000261680000000000000000000000000000000904201810042018000000000000000000000000000                              000                           
0335490300005T 17011710130046627        00000002192401               0904201800000000000650034116220                         002000000000000000                                        01300466270000000000007260400000000                      
0335490300006U 170000000000000000000000000000000000000000000000000000000000000000000000065000000000000065000000000000000000000000000000000904201810042018000000000000000000000000000                              000                           
0335490300007T 17011710130046627        00000002204421               0904201800000000000650003339616                         002000000000000000                                        01300466270000000000007260300000000                      
0335490300008U 170000000000000000000000000000000000000000000000000000000000000000000000065000000000000065000000000000000000000000000000000904201810042018000000000000000000000000000                              000                           
0335490300009T 17011710130046627        00000002267931               0904201800000000000815610432840                         002000000000000000                                        01300466270000000000007260400000000                      
0335490300010U 170000000000000000000000000000000000000000000000000000000000000000000000081560000000000081560000000000000000000000000000000904201810042018000000000000000000000000000                              000                           
0335490300011T 17011710130046627        00000002269121               0904201800000000000713510432840                         002000000000000000                                        01300466270000000000007260400000000                      
0335490300012U 170000000000000000000000000000000000000000000000000000000000000000000000071350000000000071350000000000000000000000000000000904201810042018000000000000000000000000000                              000                           
0335490300013T 17011710130046627        00000002406801               0904201800000000000590003302682                         002000000000000000                                        01300466270000000000007260300000000                      
0335490300014U 170000000000000000000000000000000000000000000000000000000000000000000000059000000000000059000000000000000000000000000000000904201810042018000000000000000000000000000                              000                           
0335490300015T 17011710130046627        00000002414071               0904201800000000000590023704530                         002000000000000000                                        01300466270000000000007260400000000                      
0335490300016U 170000000000000000000000000000000000000000000000000000000000000000000000059000000000000059000000000000000000000000000000000904201810042018000000000000000000000000000                              000                           
0335490300017T 17011710130046627        00000002426241               0904201800000000000790010433240                         002000000000000000                                        01300466270000000000007260400000000                      
0335490300018U 170000000000000000000000000000000000000000000000000000000000000000000000079000000000000079000000000000000000000000000000000904201810042018000000000000000000000000000                              000                           
0335490300019T 17011710130046627        00000002456151               0904201800000000001300003305681                         002000000000000000                                        01300466270000000000007260300000000                      
0335490300020U 170000000000000000000000000000000000000000000000000000000000000000000000130000000000000130000000000000000000000000000000000904201810042018000000000000000000000000000                              000                           
0335490300021T 17011710130046627        00000002508481               0904201800000000001300023701490                         002000000000000000                                        01300466270000000000007260400000000                      
0335490300022U 170000000000000000000000000000000000000000000000000000000000000000000000130000000000000130000000000000000000000000000000000904201810042018000000000000000000000000000                              000                           
0335490300023T 17011710130046627        00000002614161               0904201800000000001275003308133                         002000000000000000                                        01300466270000000000007260300000000                      
0335490300024U 170000000000000000000000000000000000000000000000000000000000000000000000127500000000000127500000000000000000000000000000000904201810042018000000000000000000000000000                              000                           
0335490300025T 17011710130046627        00000002657561               0904201800000000001139000105830                         002000000000000000                                        01300466270000000000007260400000000                      
0335490300026U 170000000000000000000000000000000000000000000000000000000000000000000000113900000000000113900000000000000000000000000000000904201810042018000000000000000000000000000                              000                           
0335490300027T 17011710130046627        00000002805341               0904201800000000001239034187730                         002000000000000000                                        01300466270000000000007260400000000                      
0335490300028U 170000000000000000000000000000000000000000000000000000000000000000000000123900000000000123900000000000000000000000000000000904201810042018000000000000000000000000000                              000                           
0335490300029T 17011710130046627        00000002827071               0904201800000000001155803315741                         002000000000000000                                        01300466270000000000007260300000000                      
0335490300030U 170000000000000000000000000000000000000000000000000000000000000000000000115580000000000115580000000000000000000000000000000904201810042018000000000000000000000000000                              000                           
0335490300031T 17011710130046627        00000002904161               0904201800000000001139023714160                         002000000000000000                                        01300466270000000000007260400000000                      
0335490300032U 170000000000000000000000000000000000000000000000000000000000000000000000113900000000000113900000000000000000000000000000000904201810042018000000000000000000000000000                              000                           
0335490300033T 17011710130046627        00000002949771               0904201800000000001139023702980                         002000000000000000                                        01300466270000000000007260400000000                      
0335490300034U 170000000000000000000000000000000000000000000000000000000000000000000000113900000000000113900000000000000000000000000000000904201810042018000000000000000000000000000                              000                           
0335490300035T 17011710130046627        00000002968801               0904201800000000001255810430050                         002000000000000000                                        01300466270000000000007260400000000                      
0335490300036U 170000000000000000000000000000000000000000000000000000000000000000000000125580000000000125580000000000000000000000000000000904201810042018000000000000000000000000000                              000                           
0335490300037T 17011710130046627        00000003063391               0904201800000000001139034100570                         002000000000000000                                        01300466270000000000007260400000000                      
0335490300038U 170000000000000000000000000000000000000000000000000000000000000000000000113900000000000113900000000000000000000000000000000904201810042018000000000000000000000000000                              000                           
0335490300039T 17011710130046627        00000003064521               0904201800000000000650034105590                         002000000000000000                                        01300466270000000000007260400000000                      
0335490300040U 170000000000000000000000000000000000000000000000000000000000000000000000065000000000000065000000000000000000000000000000000904201810042018000000000000000000000000000                              000                           
0335490300041T 17011710130046627        00000003134081               0904201800000000001155800114670                         002000000000000000                                        01300466270000000000007260400000000                      
0335490300042U 170000000000000000000000000000000000000000000000000000000000000000000000115580000000000115580000000000000000000000000000000904201810042018000000000000000000000000000                              000                           
0335490300043T 17011710130046627        00000003139711               0904201800000000001139034137030                         002000000000000000                                        01300466270000000000007260400000000                      
0335490300044U 170000000000000000000000000000000000000000000000000000000000000000000000113900000000000113900000000000000000000000000000000904201810042018000000000000000000000000000                              000                           
0335490300045T 17011710130046627        00000003196001               0904201800000000001139010433790                         002000000000000000                                        01300466270000000000007260400000000                      
0335490300046U 170000000000000000000000000000000000000000000000000000000000000000000000113900000000000113900000000000000000000000000000000904201810042018000000000000000000000000000                              000                           
0335490300047T 17011710130046627        00000003249731               0904201800000000000674000169970                         002000000000000000                                        01300466270000000000007260400000000                      
0335490300048U 170000000000000000000000000000000000000000000000000000000000000000000000067400000000000067400000000000000000000000000000000904201810042018000000000000000000000000000                              000                           
0335490300049T 17011710130046627        00000003249811               0904201800000000001943134102730                         002000000000000000                                        01300466270000000000007260400000000                      
0335490300050U 170000000000000000000000000000000000000000000000000000000000000000000000194310000000000194310000000000000000000000000000000904201810042018000000000000000000000000000                              000                           
0335490300051T 17011710130046627        00000003249901               0904201800000000001874534102730                         002000000000000000                                        01300466270000000000007260400000000                      
0335490300052U 170000000000000000000000000000000000000000000000000000000000000000000000187450000000000187450000000000000000000000000000000904201810042018000000000000000000000000000                              000                           
0335490300053T 17011710130046627        00000003250071               0904201800000000001762034102730                         002000000000000000                                        01300466270000000000007260400000000                      
0335490300054U 170000000000000000000000000000000000000000000000000000000000000000000000176200000000000176200000000000000000000000000000000904201810042018000000000000000000000000000                              000                           
03354905         0000540000070000000000018017800000000000000000000000000000000000000000000000000000000000000000000000000526                                                                                                                     
03354909         000001000058                                                                                                                                                                                                                   
