03300000        2023566251000133011710130046627     007651732           RASTREADORES PROTEGE LTDA ME  BANCO SANTANDER (BRASIL) S/A            226072018      000611040                                                                         T
03342381T01  040 2023566251000133007651732           011710130046627     RASTREADORES PROTEGE LTDA ME                                                                                  0000061126072018                                         
0334238300001T 17011710130046627        00000002179641               2607201800000000000650010408990                         002000000000000000                                        01300466270000000000010000400000000                      
0334238300002U 170000000000000000000000000000000000000000000000000000000000000000000000065000000000000065000000000000000000000000000000002607201827072018000000000000000000000000000                              000                           
0334238300003T 17011710130046627        00000002181971               2607201800000000000650034168730                         002000000000000000                                        01300466270000000000010000400000000                      
0334238300004U 170000000000000000000000000000000000000000000000000000000000000000000000065000000000000065000000000000000000000000000000002607201827072018000000000000000000000000000                              000                           
0334238300005T 17011710130046627        00000002238321               2607201800000000001000034157180                         002000000000000000                                        01300466270000000000010000400000000                      
0334238300006U 170000000000000000000000000000000000000000000000000000000000000000000000100000000000000100000000000000000000000000000000002607201827072018000000000000000000000000000                              000                           
0334238300007T 17011710130046627        00000002302941               2607201800000000001950023729510                         002000000000000000                                        01300466270000000000010000400000000                      
0334238300008U 170000000000000000000000000000000000000000000000000000000000000000000000195000000000000195000000000000000000000000000000002607201827072018000000000000000000000000000                              000                           
0334238300009T 17011710130046627        00000002345241               2607201800000000000650023723920                         002000000000000000                                        01300466270000000000010000400000000                      
0334238300010U 170000000000000000000000000000000000000000000000000000000000000000000000065000000000000065000000000000000000000000000000002607201827072018000000000000000000000000000                              000                           
0334238300011T 17011710130046627        00000002629001               2607201800000000001139010406000                         002000000000000000                                        01300466270000000000010000400000000                      
0334238300012U 170000000000000000000000000000000000000000000000000000000000000000000000113900000000000113900000000000000000000000000000002607201827072018000000000000000000000000000                              000                           
0334238300013T 17011710130046627        00000002691661               2607201800000000001139023712200                         002000000000000000                                        01300466270000000000010000400000000                      
0334238300014U 170000000000000000000000000000000000000000000000000000000000000000000000113900000000000113900000000000000000000000000000002607201827072018000000000000000000000000000                              000                           
0334238300015T 17011710130046627        00000002722991               2607201800000000001139023778250                         002000000000000000                                        01300466270000000000010000400000000                      
0334238300016U 170000000000000000000000000000000000000000000000000000000000000000000000113900000000000113900000000000000000000000000000002607201827072018000000000000000000000000000                              000                           
0334238300017T 17011710130046627        00000002788401               2607201800000000001070034175010                         002000000000000000                                        01300466270000000000010000400000000                      
0334238300018U 170000000000000000000000000000000000000000000000000000000000000000000000107000000000000107000000000000000000000000000000002607201827072018000000000000000000000000000                              000                           
0334238300019T 17011710130046627        00000002823831               2607201800000000001139000159550                         002000000000000000                                        01300466270000000000010000400000000                      
0334238300020U 170000000000000000000000000000000000000000000000000000000000000000000000113900000000000113900000000000000000000000000000002607201827072018000000000000000000000000000                              000                           
0334238300021T 17011710130046627        00000003035261               2607201800000000001139003336293                         002000000000000000                                        01300466270000000000010000300000000                      
0334238300022U 170000000000000000000000000000000000000000000000000000000000000000000000113900000000000113900000000000000000000000000000002607201827072018000000000000000000000000000                              000                           
0334238300023T 17011710130046627        00000003259371               2607201800000000000650034170210                         002000000000000000                                        01300466270000000000010000400000000                      
0334238300024U 170000000000000000000000000000000000000000000000000000000000000000000000065000000000000065000000000000000000000000000000002607201827072018000000000000000000000000000                              000                           
0334238300025T 17011710130046627        00000003276971               2607201800000000001555404110150                         002000000000000000                                        01300466270000000000010000400000000                      
0334238300026U 170000000000000000000000000000000000000000000000000000000000000000000000155540000000000155540000000000000000000000000000002607201827072018000000000000000000000000000                              000                           
0334238300027T 17011710130046627        00000003390751               2607201800000000002500023768900                         002000000000000000                                        01300466270000000000010000400000000                      
0334238300028U 170000000000000000000000000000000000000000000000000000000000000000000000250000000000000250000000000000000000000000000000002607201827072018000000000000000000000000000                              000                           
03342385         0000280000100000000000022937800000000000000000000000000000000000000000000000000000000000000000000000000577                                                                                                                     
03342389         000001000032                                                                                                                                                                                                                   
