03300000        2023566251000133011710130046627     007651732           RASTREADORES PROTEGE LTDA ME  BANCO SANTANDER (BRASIL) S/A            227072018      000612040                                                                         T
03343061T01  040 2023566251000133007651732           011710130046627     RASTREADORES PROTEGE LTDA ME                                                                                  0000061227072018                                         
0334306300001T 17011710130046627        00000002172391               2707201800000000002600003340100                         002000000000000000                                        01300466270000000000010000300000000                      
0334306300002U 170000000000000000000000000000000000000000000000000000000000000000000000260000000000000260000000000000000000000000000000002707201830072018000000000000000000000000000                              000                           
0334306300003T 17011710130046627        00000002195171               2707201800000000001300034148370                         002000000000000000                                        01300466270000000000010000400000000                      
0334306300004U 170000000000000000000000000000000000000000000000000000000000000000000000130000000000000130000000000000000000000000000000002707201830072018000000000000000000000000000                              000                           
0334306300005T 17011710130046627        00000002215541               2707201800000000000650034168500                         002000000000000000                                        01300466270000000000010000400000000                      
0334306300006U 170000000000000000000000000000000000000000000000000000000000000000000000065000000000000065000000000000000000000000000000002707201830072018000000000000000000000000000                              000                           
0334306300007T 17011710130046627        00000002328151               2707201800000000001300034169400                         002000000000000000                                        01300466270000000000010000400000000                      
0334306300008U 170000000000000000000000000000000000000000000000000000000000000000000000130000000000000130000000000000000000000000000000002707201830072018000000000000000000000000000                              000                           
0334306300009T 17011710130046627        00000002372641               2707201800000000000650010403420                         002000000000000000                                        01300466270000000000010000400000000                      
0334306300010U 170000000000000000000000000000000000000000000000000000000000000000000000065000000000000065000000000000000000000000000000002707201830072018000000000000000000000000000                              000                           
0334306300011T 17011710130046627        00000002416951               2707201800000000000689534137840                         002000000000000000                                        01300466270000000000010000400000000                      
0334306300012U 170000000000000000000000000000000000000000000000000000000000000000000000068950000000000068950000000000000000000000000000002707201830072018000000000000000000000000000                              000                           
0334306300013T 17011710130046627        00000002451511               2707201800000000001139003338091                         002000000000000000                                        01300466270000000000010000300000000                      
0334306300014U 170000000000000000000000000000000000000000000000000000000000000000000000113900000000000113900000000000000000000000000000002707201830072018000000000000000000000000000                              000                           
0334306300015T 17011710130046627        00000002461231               2707201800000000000650010442130                         002000000000000000                                        01300466270000000000010000400000000                      
0334306300016U 170000000000000000000000000000000000000000000000000000000000000000000000065000000000000065000000000000000000000000000000002707201830072018000000000000000000000000000                              000                           
0334306300017T 17011710130046627        00000002527941               2707201800000000001300023720400                         002000000000000000                                        01300466270000000000010000400000000                      
0334306300018U 170000000000000000000000000000000000000000000000000000000000000000000000130000000000000130000000000000000000000000000000002707201830072018000000000000000000000000000                              000                           
0334306300019T 17011710130046627        00000002620721               2707201800000000001239034100370                         002000000000000000                                        01300466270000000000010000400000000                      
0334306300020U 170000000000000000000000000000000000000000000000000000000000000000000000123900000000000123900000000000000000000000000000002707201830072018000000000000000000000000000                              000                           
0334306300021T 17011710130046627        00000002681861               2707201800000000001139034184930                         002000000000000000                                        01300466270000000000010000400000000                      
0334306300022U 170000000000000000000000000000000000000000000000000000000000000000000000113900000000000113900000000000000000000000000000002707201830072018000000000000000000000000000                              000                           
0334306300023T 17011710130046627        00000002727791               2707201800000000001149010408990                         002000000000000000                                        01300466270000000000010000400000000                      
0334306300024U 170000000000000000000000000000000000000000000000000000000000000000000000114900000000000114900000000000000000000000000000002707201830072018000000000000000000000000000                              000                           
0334306300025T 17011710130046627        00000002799601               2707201800000000001489034116840                         002000000000000000                                        01300466270000000000010000400000000                      
0334306300026U 170000000000000000000000000000000000000000000000000000000000000000000000148900000000000148900000000000000000000000000000002707201830072018000000000000000000000000000                              000                           
0334306300027T 17011710130046627        00000002814251               2707201800000000001489034174540                         002000000000000000                                        01300466270000000000010000400000000                      
0334306300028U 170000000000000000000000000000000000000000000000000000000000000000000000148900000000000148900000000000000000000000000000002707201830072018000000000000000000000000000                              000                           
0334306300029T 17011710130046627        00000002913901               2707201800000000001239010404060                         002000000000000000                                        01300466270000000000010000400000000                      
0334306300030U 170000000000000000000000000000000000000000000000000000000000000000000000123900000000000123900000000000000000000000000000002707201830072018000000000000000000000000000                              000                           
0334306300031T 17011710130046627        00000002924781               2707201800000000001239023719110                         002000000000000000                                        01300466270000000000010000400000000                      
0334306300032U 170000000000000000000000000000000000000000000000000000000000000000000000123900000000000123900000000000000000000000000000002707201830072018000000000000000000000000000                              000                           
0334306300033T 17011710130046627        00000002944031               2707201800000000001149034107590                         002000000000000000                                        01300466270000000000010000400000000                      
0334306300034U 170000000000000000000000000000000000000000000000000000000000000000000000114900000000000114900000000000000000000000000000002707201830072018000000000000000000000000000                              000                           
0334306300035T 17011710130046627        00000002960821               2707201800000000001239003300442                         002000000000000000                                        01300466270000000000010000300000000                      
0334306300036U 170000000000000000000000000000000000000000000000000000000000000000000000123900000000000123900000000000000000000000000000002707201830072018000000000000000000000000000                              000                           
0334306300037T 17011710130046627        00000003095751               2707201800000000001139010403750                         002000000000000000                                        01300466270000000000010000400000000                      
0334306300038U 170000000000000000000000000000000000000000000000000000000000000000000000113900000000000113900000000000000000000000000000002707201830072018000000000000000000000000000                              000                           
0334306300039T 17011710130046627        00000003117231               2707201800000000001139010439940                         002000000000000000                                        01300466270000000000010000400000000                      
0334306300040U 170000000000000000000000000000000000000000000000000000000000000000000000113900000000000113900000000000000000000000000000002707201830072018000000000000000000000000000                              000                           
0334306300041T 17011710130046627        00000003128861               2707201800000000000650023704530                         002000000000000000                                        01300466270000000000010000400000000                      
0334306300042U 170000000000000000000000000000000000000000000000000000000000000000000000065000000000000065000000000000000000000000000000002707201830072018000000000000000000000000000                              000                           
0334306300043T 17011710130046627        00000003136611               2707201800000000001139034100200                         002000000000000000                                        01300466270000000000010000400000000                      
0334306300044U 170000000000000000000000000000000000000000000000000000000000000000000000113900000000000113900000000000000000000000000000002707201830072018000000000000000000000000000                              000                           
0334306300045T 17011710130046627        00000003212141               2707201800000000001139034167640                         002000000000000000                                        01300466270000000000010000400000000                      
0334306300046U 170000000000000000000000000000000000000000000000000000000000000000000000113900000000000113900000000000000000000000000000002707201830072018000000000000000000000000000                              000                           
0334306300047T 17011710130046627        00000003275141               2707201800000000001139023724150                         002000000000000000                                        01300466270000000000010000400000000                      
0334306300048U 170000000000000000000000000000000000000000000000000000000000000000000000113900000000000113900000000000000000000000000000002707201830072018000000000000000000000000000                              000                           
0334306300049T 17011710130046627        00000003293801               2707201800000000001489034174540                         002000000000000000                                        01300466270000000000010000400000000                      
0334306300050U 170000000000000000000000000000000000000000000000000000000000000000000000148900000000000148900000000000000000000000000000002707201830072018000000000000000000000000000                              000                           
0334306300051T 17011710130046627        00000003304261               2707201800000000001889003338091                         002000000000000000                                        01300466270000000000010000300000000                      
0334306300052U 170000000000000000000000000000000000000000000000000000000000000000000000188900000000000188900000000000000000000000000000002707201830072018000000000000000000000000000                              000                           
0334306300053T 17011710130046627        00000003307441               2707201800000000001139010434140                         002000000000000000                                        01300466270000000000010000400000000                      
0334306300054U 170000000000000000000000000000000000000000000000000000000000000000000000113900000000000113900000000000000000000000000000002707201830072018000000000000000000000000000                              000                           
0334306300055T 17011710130046627        00000003335221               2707201800000000000650034105610                         002000000000000000                                        01300466270000000000010000400000000                      
0334306300056U 170000000000000000000000000000000000000000000000000000000000000000000000065000000000000065000000000000000000000000000000002707201830072018000000000000000000000000000                              000                           
0334306300057T 17011710130046627        00000003366881               2707201800000000001139010403440                         002000000000000000                                        01300466270000000000010000400000000                      
0334306300058U 170000000000000000000000000000000000000000000000000000000000000000000000113900000000000113900000000000000000000000000000002707201830072018000000000000000000000000000                              000                           
0334306300059T 17011710130046627        00000003390081               2707201800000000000227823768900                         002000000000000000                                        01300466270000000000010000400000000                      
0334306300060U 170000000000000000000000000000000000000000000000000000000000000000000000022780000000000022780000000000000000000000000000002707201830072018000000000000000000000000000                              000                           
0334306300061T 17011710130046627        00000003390161               2707201800000000001139034107030                         002000000000000000                                        01300466270000000000010000400000000                      
0334306300062U 170000000000000000000000000000000000000000000000000000000000000000000000113900000000000113900000000000000000000000000000002707201830072018000000000000000000000000000                              000                           
03343065         0000620000100000000000022937800000000000000000000000000000000000000000000000000000000000000000000000000578                                                                                                                     
03343069         000001000066                                                                                                                                                                                                                   
